0.0,61.0,394.0,80.0,26.0,35.0|0.0,366.0,317.0,65.0,18.0,23.0|0.0,572.0,82.0,40.0,10.0,13.0
0.0,63.0,395.0,78.0,25.0,40.0|0.0,370.0,316.0,67.0,18.0,24.0|0.0,573.0,81.0,39.0,12.0,14.0
0.0,75.0,384.0,79.0,24.0,34.0|0.0,376.0,303.0,66.0,19.0,28.0|0.0,574.0,79.0,41.0,11.0,16.0
0.0,69.0,373.0,80.0,23.0,32.0|0.0,373.0,288.0,65.0,20.0,24.0|0.0,578.0,59.0,38.0,10.0,12.0
0.0,79.0,351.0,75.0,22.0,40.0|0.0,379.0,261.0,66.0,19.0,23.0
0.0,82.0,334.0,75.0,20.0,22.0|0.0,388.0,236.0,64.0,20.0,20.0
0.0,88.0,314.0,79.0,24.0,28.0|0.0,393.0,214.0,66.0,19.0,28.0|0.0,415.0,411.0,95.0,30.0,95.0
0.0,94.0,300.0,82.0,25.0,35.0|0.0,397.0,188.0,67.0,20.0,30.0|0.0,424.0,384.0,94.0,33.0,94.0|0.0,40.0,406.0,35.0,15.0,150.0
0.0,105.0,297.0,79.0,24.0,33.0|0.0,403.0,186.0,66.0,19.0,30.0|0.0,441.0,374.0,96.0,32.0,93.0|0.0,52.0,406.0,35.0,15.0,150.0
0.0,118.0,306.0,80.0,25.0,32.0|0.0,409.0,174.0,64.0,18.0,29.0|0.0,456.0,368.0,97.0,33.0,90.0|0.0,65.0,403.0,35.0,14.5,149.0
0.0,130.0,292.0,80.0,25.0,32.0|0.0,416.0,163.0,65.0,19.0,28.0|0.0,468.0,349.0,96.0,32.0,89.0|0.0,72.0,390.0,35.0,14.5,147.0
0.0,142.0,279.0,80.0,25.0,31.0|0.0,422.0,148.0,65.0,19.0,28.0|0.0,482.0,325.0,94.0,31.0,87.0|0.0,108.0,383.0,35.0,14.5,145.0
0.0,153.0,282.0,79.0,24.0,29.0|0.0,431.0,138.0,65.0,19.0,26.0|0.0,500.0,319.0,94.0,32.0,86.0|0.0,124.0,379.0,35.0,14.5,142.0
0.0,161.0,270.0,79.0,24.0,28.0|0.0,436.0,135.0,65.0,19.0,26.0|0.0,504.0,315.0,94.0,32.0,86.0|0.0,132.0,379.0,35.0,14.5,142.0
