0.0,381.0,295.0,65.0,23.0,40.0|0.0,76.0,382.0,78.0,24.0,42.0
0.0,385.0,292.0,65.0,23.0,40.0|0.0,74.0,386.0,79.0,25.0,43.0
0.0,395.0,286.0,65.0,23.0,39.0|0.0,75.0,386.0,81.0,24.0,40.0
0.0,386.0,272.0,65.0,23.0,39.0|0.0,74.0,368.0,80.0,24.0,45.0
0.0,391.0,247.0,65.0,23.0,38.0|0.0,87.0,339.0,80.0,24.0,40.0
0.0,404.0,228.0,65.0,23.0,38.0|0.0,98.0,321.0,81.0,25.0,40.0
0.0,406.0,199.0,65.0,23.0,38.0|0.0,104.0,293.0,80.0,26.0,38.0
0.0,408.0,176.0,65.0,23.0,38.0|0.0,113.0,281.0,80.0,25.0,38.5|0.0,70.0,432.0,31.0,10.0,150.0
0.0,414.0,165.0,65.0,23.0,38.0|0.0,123.0,274.0,80.0,25.0,37.5|0.0,83.0,428.0,30.0,11.0,150.0
0.0,415.0,162.0,65.0,23.0,37.0|0.0,136.0,283.0,79.0,25.0,36.5|0.0,98.0,429.0,29.0,12.0,149.0
0.0,420.0,149.0,65.0,23.0,37.0|0.0,151.0,275.0,79.0,25.0,35.5|0.0,121.0,421.0,31.0,10.0,148.0
0.0,432.0,134.0,65.0,23.0,36.0|0.0,163.0,261.0,78.0,26.0,34.5|0.0,139.0,408.0,29.0,11.0,148.0
0.0,443.0,127.0,65.0,23.0,36.0|0.0,173.0,255.0,79.0,25.0,34.5|0.0,154.0,401.0,31.0,10.0,147.0
0.0,448.0,120.0,65.0,23.0,35.0|0.0,178.0,252.0,80.0,25.0,34.5|0.0,164.0,398.0,30.0,10.0,146.0